count_year,airway_heights_corrections_center,cedar_creek_corrections_center,clallam_bay_corrections_center,coyote_ridge_corrections_center,larch_corrections_center,mission_creek_corrections_center_for_women,monroe_correctional_complex,olympic_corrections_center,stafford_creek_corrections_center,washington_correction_center,washington_correction_center_for_women,washington_state_penitentiary,prison_facility_totals,statewide_emergency_beds,prison_facility_totals_statewide_emergency_beds_prison_total_confinement,work_release,total_and_partial_confinement_totals,confirm_prison_facility_totals,doc_count_vs_confirm,other_partial_confinement
adp_jul_2012,2167,475,898,2514,469,298,2468,366,1948,1714,867,2206,16390,0,16390,677,17067,16390,0,0
capacity_jul_2012,2136,480,900,2528,480,300,2500,340,1936,1398,764,2104,15866,566,16432,679,17111,15866,0,0
adp_aug_2012,2174,473,891,2530,467,297,2469,367,1964,1646,878,2259,16416,0,16416,677,17094,16415,-1,1
capacity_aug_2012,2152,480,900,2528,480,300,2500,381,1972,1398,764,2093,15948,473,16421,679,17100,15948,0,0
adp_sep_2012,2167,472,898,2519,464,297,2476,367,1950,1652,876,2265,16403,0,16403,652,17055,16403,0,0
capacity_sep_2012,2152,480,900,2528,480,300,2500,381,1972,1398,764,2093,15948,473,16421,679,17100,15948,0,0
adp_oct_2012,2150,464,892,2470,456,293,2489,362,1966,1819,887,2203,16453,0,16453,655,17108,16451,-2,0
capacity_oct_2012,2152,480,900,2528,480,300,2500,381,1972,1398,764,2093,15948,473,16421,679,17100,15948,0,0
adp_nov_2012,2177,472,886,2495,474,300,2527,365,1964,1738,884,2200,16482,0,16482,641,17123,16482,0,0
capacity_nov_2012,2152,480,900,2528,480,300,2500,381,1972,1398,764,2093,15948,473,16421,679,17100,15948,0,0
adp_dec_2012,2177,476,885,2523,475,295,2533,368,1975,1713,892,2179,16491,0,16491,611,17102,16491,0,0
capacity_dec_2012,2152,480,900,2528,480,300,2500,381,1972,1398,764,2093,15948,473,16421,679,17100,15948,0,0
adp_jan_2013,2184,475,894,2544,476,294,2531,372,1981,1678,884,2162,16474,0,16474,606,17080,16475,1,0
capacity_jan_2013,2152,480,900,2528,480,300,2500,381,1972,1398,764,2093,15948,473,16421,679,17100,15948,0,0
adp_feb_2013,2173,477,884,2543,475,296,2522,374,1972,1762,880,2141,16500,0,16500,638,17138,16499,-1,0
capacity_feb_2013,2152,480,900,2528,480,300,2500,381,1972,1398,764,2093,15948,473,16421,679,17100,15948,0,0
adp_mar_2013,2168,475,887,2503,475,300,2533,376,1959,1790,908,2196,16569,0,16569,660,17228,16570,1,-1
capacity_mar_2013,2152,480,900,2528,480,300,2500,381,1972,1398,764,2093,15948,473,16421,679,17100,15948,0,0
adp_apr_2013,2171,474,897,2514,472,298,2551,376,1955,1795,901,2216,16619,0,16619,672,17291,16620,1,0
capacity_apr_2013,2152,480,900,2528,480,300,2500,381,1972,1398,764,2093,15948,473,16421,679,17100,15948,0,0
adp_may_2013,2182,476,897,2546,476,296,2562,375,1943,1838,902,2217,16710,0,16710,651,17361,16710,0,0
capacity_may_2013,2152,480,900,2528,480,300,2500,381,1972,1398,764,2093,15948,473,16421,679,17100,15948,0,0
adp_jun_2013,2183,477,884,2534,476,300,2546,372,1963,1884,906,2253,16778,0,16778,650,17428,16778,0,0
capacity_jun_2013,2152,480,900,2528,480,300,2500,381,1972,1398,764,2093,15948,473,16421,679,17100,15948,0,0
adp_jul_2013,2194,475,893,2545,474,308,2527,378,2004,1912,914,2231,16854,0,16854,637,17491,16855,1,0
capacity_jul_2013,2152,480,900,2528,480,300,2500,381,1972,1398,764,2093,15948,473,16421,679,17100,15948,0,0
adp_aug_2013,2195,477,891,2581,476,312,2493,377,2010,1868,914,2255,16850,0,16850,664,17514,16849,-1,0
capacity_aug_2013,2152,480,900,2528,480,300,2500,381,1972,1398,764,2183,16038,450,16488,679,17167,16038,0,0
adp_sep_2013,2192,478,882,2571,477,312,2476,386,1993,1829,927,2300,16824,0,16824,696,17520,16823,-1,0
capacity_sep_2013,2152,480,900,2528,480,300,2500,381,1972,1398,764,2183,16038,450,16488,679,17167,16038,0,0
adp_oct_2013,2178,475,874,2549,477,311,2476,382,1985,1858,932,2319,16818,0,16818,700,17518,16816,-2,0
capacity_oct_2013,2152,480,900,2528,480,300,2500,381,1972,1398,764,2183,16038,450,16488,679,17167,16038,0,0
adp_nov_2013,2185,478,883,2565,477,314,2513,393,1997,1809,932,2319,16864,0,16864,691,17555,16865,1,0
capacity_nov_2013,2152,480,900,2528,480,300,2500,381,1972,1398,764,2183,16038,450,16488,679,17167,16038,0,0
adp_dec_2013,2172,477,889,2497,476,312,2548,395,1971,1789,932,2342,16799,0,16799,674,17473,16800,1,0
capacity_dec_2013,2152,480,900,2528,480,300,2500,381,1972,1398,764,2183,16038,450,16488,679,17167,16038,0,0
adp_jan_2014,2181,473,893,2481,475,312,2539,391,1961,1726,942,2361,16734,0,16734,647,17381,16735,1,0
capacity_jan_2014,2152,480,900,2528,480,300,2500,381,1972,1398,764,2183,16038,450,16488,679,17167,16038,0,0
adp_feb_2014,2168,475,848,2491,472,315,2563,379,1956,1781,926,2362,16736,0,16736,668,17404,16736,0,0
capacity_feb_2014,2152,480,900,2528,480,300,2500,381,1972,1398,764,2183,16038,470,16508,679,17187,16038,0,0
adp_mar_2014,2165,474,863,2482,466,312,2566,383,1957,1797,940,2341,16745,0,16745,671,17416,16746,1,0
capacity_mar_2014,2152,480,900,2528,480,300,2500,381,1972,1398,764,2183,16038,470,16508,679,17187,16038,0,0
adp_apr_2014,2153,471,870,2504,473,314,2541,390,1959,1794,934,2353,16756,0,16756,676,17441,16756,0,9
capacity_apr_2014,2152,480,900,2528,480,300,2500,381,1972,1398,764,2183,16038,470,16508,679,17187,16038,0,0
adp_may_2014,2178,475,881,2532,476,312,2530,386,1937,1766,916,2380,16768,0,16768,680,17464,16769,1,16
capacity_may_2014,2152,480,900,2528,480,300,2500,381,1972,1398,764,2183,16038,470,16508,679,17187,16038,0,0
adp_jun_2014,2186,474,897,2537,476,312,2532,387,1941,1728,897,2412,16779,0,16779,656,17435,16779,0,0
capacity_jun_2014,2152,480,900,2258,480,300,2500,381,1972,1398,764,2183,16038,470,16508,679,17187,15768,-270,0
adp_jul_2014,2179,475,894,2542,474,308,2515,392,1962,1684,884,2447,16756,0,16756,679,17462,16756,0,27
capacity_jul_2014,2152,480,900,2528,480,300,2500,381,1972,1398,764,2439,16294,470,16764,679,17467,16294,0,24
adp_aug_2014,2182,473,889,2516,477,313,2471,392,1926,1733,862,2509,16743,0,16743,694,17469,16743,0,32
capacity_aug_2014,2152,480,900,2528,480,300,2500,381,1972,1398,764,2439,16294,470,16764,679,17491,16294,0,48
adp_sep_2014,2178,477,887,2503,478,312,2468,381,1910,1704,854,2547,16699,0,16699,689,17422,16699,0,34
capacity_sep_2014,2152,480,900,2528,480,300,2500,381,1972,1398,764,2439,16294,470,16764,679,17491,16294,0,48
adp_oct_2014,2154,472,879,2473,473,311,2438,386,1911,1771,849,2571,16688,0,16688,699,17420,16688,0,33
capacity_oct_2014,2152,480,900,2528,480,300,2500,381,1972,1398,764,2439,16294,470,16764,679,17491,16294,0,48
adp_nov_2014,2184,471,892,2482,473,313,2449,391,1935,1677,863,2555,16685,0,16685,705,17418,16685,0,28
capacity_nov_2014,2152,480,900,2528,480,300,2500,381,1972,1398,764,2439,16294,450,16744,679,17498,16294,0,75
adp_dec_2014,2181,470,885,2491,471,315,2438,388,1938,1667,874,2579,16697,0,16697,686,17408,16697,0,25
capacity_dec_2014,2152,480,900,2528,480,300,2500,381,1972,1398,764,2439,16294,450,16744,679,17329,16294,0,-94
adp_jan_2015,2172,473,890,2507,473,314,2424,390,1941,1588,860,2593,16625,0,16625,682,17329,16625,0,22
capacity_jan_2015,2152,480,900,2528,480,300,2500,381,1972,1398,764,2439,16294,450,16744,679,17498,16294,0,75
adp_feb_2015,2185,475,893,2539,478,313,2416,390,1949,1565,870,2579,16652,0,16652,696,17364,16652,0,16
capacity_feb_2015,2152,480,900,2528,480,300,2500,381,1972,1398,764,2439,16294,450,16744,679,17498,16294,0,75
adp_mar_2015,2187,475,892,2521,475,312,2443,391,1942,1583,874,2588,16683,0,16683,712,17409,16683,0,14
capacity_mar_2015,2152,480,900,2528,480,300,2500,381,1972,1398,764,2439,16294,450,16744,679,17498,16294,0,75
adp_apr_2015,2186,475,894,2512,474,314,2438,391,1941,1633,883,2559,16700,0,16700,700,17412,16700,0,12
capacity_apr_2015,2152,480,900,2528,480,300,2500,381,1972,1398,764,2439,16294,450,16744,679,17498,16294,0,75
adp_may_2015,2185,474,883,2523,476,312,2424,391,1939,1660,906,2550,16723,0,16723,696,17430,16723,0,11
capacity_may_2015,2152,480,900,2528,480,300,2500,381,1972,1398,764,2439,16294,450,16744,679,17498,16294,0,75
adp_jun_2015,2150,475,874,2528,476,313,2411,396,1940,1665,887,2560,16675,0,16675,699,17387,16675,0,13
capacity_jun_2015,2152,480,900,2528,480,300,2500,381,1972,1398,764,764,16294,450,16744,679,17498,14619,-1675,75
adp_jul_2015,2140,470,853,2536,479,314,2370,393,1941,1693,869,2553,16611,0,16611,681,17307,16611,0,15
capacity_jul_2015,2152,480,900,2528,480,300,2436,381,1972,1398,764,2439,16230,450,16680,679,17434,16230,0,75
adp_aug_2015,2150,475,851,2541,479,313,2399,390,1919,1712,859,2551,16639,0,16639,683,17338,16639,0,16
capacity_aug_2015,2152,480,900,2528,480,300,2436,381,1972,1398,764,2439,16230,450,16680,679,17434,16230,0,75
adp_sep_2015,2171,475,879,2539,476,313,2432,391,1879,1725,845,2504,16629,0,16629,693,17337,16629,0,15
capacity_sep_2015,2152,480,900,2528,480,300,2436,381,1972,1398,764,2439,16230,450,16680,679,17434,16230,0,75
adp_oct_2015,2186,474,869,2537,476,312,2410,394,1835,1827,855,2531,16706,0,16706,710,17431,16706,0,15
capacity_oct_2015,2152,480,900,2528,480,300,2436,381,1972,1398,764,2439,16230,450,16680,679,17434,16230,0,75
adp_nov_2015,2184,475,886,2532,473,318,2407,395,1862,1847,867,2500,16746,0,16746,685,17450,16746,0,19
capacity_nov_2015,2152,480,900,2528,480,300,2436,381,1972,1398,764,2439,16230,450,16680,679,17434,16230,0,75
adp_dec_2015,2181,474,895,2507,476,317,2410,394,1895,1788,870,2496,16703,0,16703,678,17400,16703,0,19
capacity_dec_2015,2152,480,900,2528,480,300,2436,381,1972,1398,764,2439,16230,450,16680,679,17434,16230,0,75
adp_jan_2016,2167,473,886,2506,475,312,2448,393,1913,1713,875,2519,16680,0,16680,677,17373,16680,0,16
capacity_jan_2016,2152,480,900,2528,480,300,2436,381,1972,1398,764,2439,16230,450,16680,679,17434,16230,0,75
adp_feb_2016,2169,476,872,2470,471,310,2459,394,1933,1771,895,2505,16725,0,16725,686,17424,16725,0,13
capacity_feb_2016,2152,480,900,2528,480,300,2436,381,1972,1398,764,2439,16230,450,16680,679,17424,16230,0,65
adp_mar_2016,2166,474,890,2466,471,315,2476,384,1943,1784,899,2494,16762,0,16762,714,17490,16762,0,14
capacity_mar_2016,2152,480,900,2528,480,300,2436,381,1972,1398,764,2439,16230,450,16680,679,17434,16230,0,75
adp_apr_2016,2173,474,876,2487,474,315,2476,388,1949,1772,917,2494,16795,0,16795,707,17516,16795,0,14
capacity_apr_2016,2152,480,900,2528,480,300,2436,381,1972,1398,764,2439,16230,450,16680,679,17434,16230,0,75
adp_may_2016,2183,467,876,2498,472,312,2461,381,1952,1730,924,2517,16773,0,16773,703,17488,16773,0,12
capacity_may_2016,2152,480,900,2528,480,300,2436,381,1972,1398,764,2439,16230,450,16680,679,17434,16230,0,75
adp_jun_2016,2172,465,883,2489,471,312,2454,390,1933,1776,921,2519,16785,0,16785,692,17493,16785,0,16
capacity_jun_2016,2152,480,900,2258,480,300,2436,381,1972,1398,764,764,16230,450,16680,679,17434,14285,-1945,75
adp_jul_2016,2171,472,881,2502,473,310,2434,390,1951,1776,921,2502,16783,0,16783,688,17494,16783,0,23
capacity_jul_2016,2152,480,900,2528,480,300,2436,381,1972,1398,764,2439,16230,450,16680,679,17434,16230,0,75
adp_aug_2016,2147,468,882,2511,471,310,2439,377,1948,1744,931,2491,16719,0,16719,699,17441,16719,0,23
capacity_aug_2016,2152,480,900,2528,480,300,2436,381,1972,1398,764,2439,16230,450,16680,679,17434,16230,0,75
adp_sep_2016,2145,470,884,2506,473,317,2453,370,1953,1693,945,2504,16713,0,16713,680,17416,16713,0,23
capacity_sep_2016,2152,480,900,2528,480,300,2436,381,1972,1398,764,2439,16230,450,16680,679,17434,16230,0,75
adp_oct_2016,2153,475,876,2520,475,317,2443,380,1937,1706,961,2529,16772,0,16772,685,17483,16772,0,26
capacity_oct_2016,2152,480,900,2528,480,300,2436,381,1972,1398,764,2439,16230,450,16680,679,17434,16230,0,75
adp_nov_2016,2165,468,851,2511,473,312,2458,378,1937,1778,944,2523,16798,0,16798,670,17509,16798,0,41
capacity_nov_2016,2152,480,900,2528,480,300,2436,381,1972,1398,764,2439,16230,450,16680,679,17434,16230,0,75
adp_dec_2016,2160,471,847,2521,472,305,2438,375,1926,1823,940,2499,16777,0,16777,657,17474,16777,0,40
capacity_dec_2016,2152,480,900,2528,480,300,2436,381,1972,1398,764,2439,16230,450,16680,679,17434,16230,0,75
adp_jan_2017,2166,474,879,2531,474,306,2425,373,1959,1699,932,2502,16720,0,16720,669,17423,16720,0,34
capacity_jan_2017,2152,480,900,2528,480,300,2436,381,1972,1398,764,2439,16230,470,16700,651,17426,16230,0,75
adp_feb_2017,2158,473,892,2497,471,311,2383,375,1946,1852,927,2513,16798,0,16798,665,17494,16798,0,31
capacity_feb_2017,2152,480,900,2528,480,300,2436,381,1972,1398,764,2439,16230,470,16700,651,17426,16230,0,75
adp_mar_2017,2147,468,891,2528,475,312,2398,380,1954,1828,935,2528,16844,0,16844,683,17552,16844,0,25
capacity_mar_2017,2152,480,900,2528,480,300,2436,381,1972,1398,764,2439,16230,470,16700,679,17454,16230,0,75
adp_apr_2017,2162,471,891,2539,475,317,2421,380,1939,1868,934,2515,16912,0,16912,678,17617,16912,0,27
capacity_apr_2017,2152,480,900,2528,480,300,2436,381,1972,1398,764,2439,16230,470,16700,679,17545,16230,0,166
adp_may_2017,2191,474,887,2543,474,316,2449,374,1952,1897,951,2522,17030,0,17030,629,17677,17030,0,18
capacity_may_2017,2152,480,900,2528,480,300,2436,381,1972,1398,764,2439,16230,470,16700,679,17454,16230,0,75
adp_jun_2017,2194,475,896,2541,474,315,2471,394,1975,1909,968,2545,17157,0,17157,572,17754,17157,0,25
capacity_jun_2017,2152,480,900,2528,480,300,2436,381,1972,1398,764,2439,16230,470,16700,679,17454,16230,0,75
adp_jul_2017,2171,472,881,2502,473,310,2434,390,1951,1776,921,2502,16783,0,16783,688,17774,16783,0,303
capacity_jul_2016,2152,480,900,2528,480,300,2436,381,1972,1398,764,2439,16230,450,16680,679,17454,16230,0,95
adp_aug_2016,2147,468,882,2511,471,310,2439,377,1948,1744,931,2491,16719,0,16719,699,17823,16719,0,405
capacity_aug_2016,2152,480,900,2528,480,300,2436,381,1972,1398,764,2439,16230,450,16680,679,17454,16230,0,95
adp_sep_2016,2145,470,884,2506,473,317,2453,370,1953,1693,945,2504,16713,0,16713,680,17862,16713,0,469
capacity_sep_2016,2152,480,900,2528,480,300,2436,381,1972,1398,764,2439,16230,450,16680,679,17454,16230,0,95
adp_oct_2016,2153,475,876,2520,475,317,2443,380,1937,1706,961,2529,16772,0,16772,685,17879,16772,0,422
capacity_oct_2016,2152,480,900,2528,480,300,2436,381,1972,1398,764,2439,16230,450,16680,679,17454,16230,0,95
adp_nov_2016,2165,468,851,2511,473,312,2458,378,1937,1778,944,2523,16798,0,16798,670,17881,16798,0,413
capacity_nov_2016,2152,480,900,2528,480,300,2436,381,1972,1398,764,2439,16230,450,16680,679,17454,16230,0,95
adp_dec_2016,2160,471,847,2521,472,305,2438,375,1926,1823,940,2499,16777,0,16777,657,17898,16777,0,464
capacity_dec_2016,2152,480,900,2528,480,300,2436,381,1972,1398,764,2439,16230,450,16680,679,17454,16230,0,95
adp_jan_2017,2166,474,879,2531,474,306,2425,373,1959,1699,932,2502,16720,0,16720,669,17822,16720,0,433
capacity_jan_2017,2152,480,900,2528,480,300,2436,381,1972,1398,764,2439,16230,470,16700,651,17454,16230,0,103
adp_feb_2017,2158,473,892,2497,471,311,2383,375,1946,1852,927,2513,16798,0,16798,665,17911,16798,0,448
capacity_feb_2017,2152,480,900,2528,480,300,2436,381,1972,1398,764,2439,16230,470,16700,651,17454,16230,0,103
adp_mar_2017,2147,468,891,2528,475,312,2398,380,1954,1828,935,2528,16844,0,16844,683,17919,16844,0,392
capacity_mar_2017,2152,480,900,2528,480,300,2436,381,1972,1398,764,2439,16230,470,16700,679,17454,16230,0,75
adp_apr_2017,2162,471,891,2539,475,317,2421,380,1939,1868,934,2515,16912,0,16912,678,17951,16912,0,361
capacity_apr_2017,2152,480,900,2528,480,300,2436,381,1972,1398,764,2439,16230,470,16700,679,17454,16230,0,75
adp_may_2017,2191,474,887,2543,474,316,2449,374,1952,1897,951,2522,17030,0,17030,629,17964,17030,0,305
capacity_may_2017,2152,480,900,2528,480,300,2436,381,1972,1398,764,2439,16230,470,16700,679,17454,16230,0,75
adp_jun_2017,2194,475,896,2541,474,315,2471,394,1975,1909,968,2545,17157,0,17157,572,17974,17157,0,245
capacity_jun_2017,2152,480,900,2258,480,300,2436,381,1972,1398,764,2439,16230,0,16700,679,17454,15960,-270,75
adp_jul_2017,2192,474,893,2573,477,315,2493,395,1980,1895,978,2550,17215,0,17215,520,17774,17215,0,39
capacity_jul_2017,2152,480,900,2528,480,300,2436,381,1972,1398,764,2439,16230,470,16700,679,17454,16230,0,75
adp_aug_2017,2195,473,897,2580,476,317,2510,394,1976,1958,965,2543,17284,0,17284,488,17823,17284,0,51
capacity_aug_2017,2152,480,900,2528,480,300,2436,381,1972,1398,764,2439,16230,470,16700,679,17454,16230,0,75
adp_sep_2017,2192,477,894,2566,473,318,2485,385,1944,2056,980,2537,17307,0,17307,505,17862,17307,0,50
capacity_sep_2017,2152,480,900,2528,480,300,2436,381,1972,1398,764,2439,16230,470,16700,679,17454,16230,0,75
adp_oct_2017,2190,473,889,2556,474,318,2485,379,1960,2016,994,2537,17271,0,17271,559,17879,17271,0,49
capacity_oct_2017,2152,480,900,2528,480,300,2436,381,1972,1398,764,2439,16230,470,16700,679,17454,16230,0,75
adp_nov_2017,2188,476,863,2556,477,318,2508,386,1977,1961,1002,2560,17270,0,17270,561,17881,17272,2,50
capacity_nov_2017,2152,480,900,2528,480,300,2436,381,1972,1398,764,2439,16230,470,16700,679,17454,16230,0,75
adp_dec_2017,2195,475,874,2563,473,317,2499,392,1979,1924,987,2593,17271,0,17271,573,17898,17271,0,54
capacity_dec_2017,2152,480,900,2528,480,300,2436,381,1972,1398,764,2439,16230,470,16700,679,17454,16230,0,75
adp_jan_2018,2190,471,891,2574,475,312,2494,386,1965,1834,973,2592,17157,0,17157,607,17882,17157,0,118
capacity_jan_2018,2152,480,900,2528,480,300,2436,381,1972,1398,764,2439,16230,470,16700,679,17454,16230,0,75
adp_feb_2018,2187,471,890,2551,476,315,2500,372,1953,1975,960,2576,17226,0,17226,629,17911,17226,0,56
capacity_feb_2018,2152,480,900,2528,480,300,2436,381,1972,1398,764,2439,16230,470,16700,679,17454,16230,0,75
adp_mar_2018,2190,473,867,2524,474,315,2488,366,1947,2081,982,2548,17255,0,17255,619,17919,17255,0,45
capacity_mar_2018,2152,480,900,2528,480,300,2436,381,1972,1398,764,2439,16230,470,16700,679,17454,16230,0,75
adp_apr_2018,2186,473,876,2512,475,313,2487,396,1943,2105,984,2545,17295,0,17295,613,17951,17295,0,43
capacity_apr_2018,2152,480,900,2528,480,300,2436,381,1972,1398,764,2439,16230,470,16700,679,17454,16230,0,75
adp_may_2018,2189,473,887,2531,475,313,2509,393,1953,2025,991,2567,17306,0,17306,620,17964,17306,0,38
capacity_may_2018,2152,480,900,2528,480,300,2436,381,1972,1398,764,2439,16230,470,16700,679,17454,16230,0,75
adp_jun_2018,2190,474,890,2563,473,315,2522,390,1975,1951,996,2581,17320,0,17320,622,17974,17320,0,32
capacity_jun_2018,2152,480,900,2528,480,300,2436,381,1972,1398,764,2439,16230,470,16700,679,17454,16230,0,75
adp_jul_2018,2188,475,890,2547,472,315,2507,386,1963,1937,1002,2592,17274,0,17274,600,17908,17274,0,34
capacity_jul_2018,2152,480,900,2528,480,300,2436,381,1972,1398,764,2439,16230,470,16700,627,17380,16230,0,53
adp_aug_2018,2188,475,891,2539,472,315,2514,375,1959,1891,977,2590,17186,0,17186,622,17859,17186,0,51
capacity_aug_2018,2152,480,900,2528,480,300,2436,381,1972,1398,764,2439,16230,470,16700,627,17380,16230,0,53
adp_sep_2018,2195,476,878,2567,475,317,2529,367,1959,1853,965,2576,17157,0,17157,623,17832,17157,0,52
capacity_sep_2018,2152,480,900,2528,480,300,2436,381,1972,1398,764,2439,16230,470,16700,695,17448,16230,0,53
adp_oct_2018,2189,474,877,2552,471,316,2530,379,1966,1818,942,2590,17104,0,17104,626,17782,17104,0,52
capacity_oct_2018,2152,480,900,2528,480,300,2436,381,1972,1398,764,2439,16230,470,16700,695,17448,16230,0,53
adp_nov_2018,2183,475,843,2548,473,314,2530,372,1953,1874,911,2576,17052,0,17052,638,17743,17052,0,53
capacity_nov_2018,2152,480,900,2528,480,300,2436,381,1972,1398,764,2439,16230,470,16700,695,17448,16230,0,53
adp_dec_2018,2163,474,825,2531,464,305,2530,360,1959,1906,905,2533,16955,0,16955,644,17656,16955,0,57
capacity_dec_2018,2152,480,900,2528,480,300,2436,381,1972,1398,764,2439,16230,477,16707,695,17455,16230,0,53
adp_jan_2019,2166,469,821,2498,469,284,2527,373,1964,1863,907,2505,16846,0,16846,629,17533,16846,0,58
capacity_jan_2019,2152,480,900,2528,480,300,2436,381,1972,1398,764,2439,16230,477,16707,695,17455,16230,0,53
adp_feb_2019,2151,473,818,2511,472,265,2510,387,1953,1909,914,2463,16826,0,16826,635,17517,16826,0,56
capacity_feb_2019,2152,480,900,2528,480,300,2436,381,1972,1398,764,2439,16230,477,16707,695,17455,16230,0,53
adp_mar_2019,2140,467,812,2518,470,253,2512,384,1959,1983,916,2404,16818,0,16818,647,17519,16818,0,54
capacity_mar_2019,2152,480,900,2528,480,300,2436,381,1972,1398,764,2439,16230,477,16707,695,17455,16230,0,53
adp_apr_2019,2129,475,808,2504,477,255,2517,393,1948,2043,915,2390,16854,0,16854,628,17535,16854,0,53
capacity_apr_2019,2152,480,900,2528,480,300,2436,381,1970,1398,764,2439,16228,477,16705,695,17453,16228,0,53
adp_may_2019,2126,474,787,2514,473,253,2533,390,1959,1988,921,2407,16825,0,16825,640,17510,16825,0,45
capacity_may_2019,2152,480,900,2528,480,300,2436,381,1970,1398,764,2439,16228,477,16705,695,17453,16228,0,53
adp_jun_2019,2132,474,725,2493,477,251,2535,373,1954,2011,924,2432,16781,0,16781,646,17471,16781,0,44
capacity_jun_2019,2152,480,900,2528,480,300,2436,381,1970,1398,764,2439,16228,477,16705,695,17452,16228,0,52
adp_jul_2019,2127,473,726,2500,470,260,2542,376,1950,2005,911,2418,16758,0,16758,638,17439,16758,0,43
capacity_jul_2019,2152,480,900,2528,480,300,2436,381,1970,1398,764,2439,16228,477,16705,695,17453,16228,0,53
adp_aug_2019,2174,476,755,2506,478,256,2540,379,1957,1890,901,2399,16711,0,16711,646,17401,16711,0,44
capacity_aug_2019,2152,480,900,2528,480,300,2436,381,1970,1398,764,2439,16228,477,16705,695,17453,16228,0,53
adp_sep_2019,2189,474,779,2518,473,256,2537,382,1963,1768,897,2427,16663,0,16663,634,17346,16663,0,49
capacity_sep_2019,2152,480,900,2528,480,300,2436,381,1970,1398,764,2439,16228,477,16705,695,17453,16228,0,53
adp_oct_2019,2177,468,766,2525,473,256,2546,384,1956,1768,902,2429,16650,0,16650,636,17328,16650,0,42
capacity_oct_2019,2152,480,900,2528,480,300,2436,381,1970,1398,764,2439,16228,477,16705,695,17453,16228,0,53
adp_nov_2019,2163,461,778,2533,474,257,2528,383,1950,1845,894,2382,16648,0,16648,644,17334,16648,0,42
capacity_nov_2019,2152,480,900,2528,480,300,2436,381,1970,1398,764,2439,16228,477,16705,695,17453,16228,0,53
adp_dec_2019,2173,461,782,2518,476,250,2514,389,1948,1869,896,2360,16636,0,16636,644,17315,16636,0,35
capacity_dec_2019,2152,480,900,2528,480,300,2436,381,1970,1398,764,2439,16228,477,16705,695,17453,16228,0,53
adp_jan_2020,2186,470,787,2488,474,242,2503,394,1945,1825,903,2322,16539,0,16539,636,17206,16539,0,31
capacity_jan_2020,2152,480,900,2528,480,300,2436,381,1970,1398,764,2439,16228,477,16705,755,17453,16228,0,-7
adp_feb_2020,2171,468,807,2484,473,245,2508,390,1960,1806,905,2328,16545,0,16545,665,17232,16545,0,22
capacity_feb_2020,2152,480,900,2528,480,300,2436,381,1970,1398,764,2439,16228,477,16705,782,17540,16228,0,53
adp_mar_2020,2168,462,805,2458,477,262,2529,372,1976,1865,886,2336,16596,0,16596,667,17283,16596,0,20
capacity_mar_2020,2152,480,900,2528,480,300,2436,381,1970,1398,764,2439,16228,477,16705,782,17540,16228,0,53
adp_apr_2020,2112,464,826,2475,458,261,2447,352,1940,1724,842,2381,16282,0,16282,624,16919,16282,0,13
capacity_apr_2020,2152,480,900,2528,480,300,2436,381,1970,1398,764,2439,16228,477,16705,782,17540,16228,0,53
adp_may_2020,2041,411,840,2382,401,212,2312,317,1893,1606,766,2362,15543,0,15543,541,16093,15543,0,9
capacity_may_2020,2152,480,900,2528,480,300,2436,381,1970,1398,764,2439,16228,477,16705,782,17540,16228,0,53
adp_jun_2020,2005,368,864,2225,363,193,2261,300,1893,1738,774,2380,15364,0,15364,491,15857,15364,0,2
capacity_jun_2020,2152,480,900,2528,480,300,2436,381,1970,1398,764,2439,16228,477,16705,782,17540,16228,0,53
adp_jul_2020,1958,340,864,2124,337,182,2237,288,1891,1791,763,2369,15144,0,15144,482,15626,15144,0,0
capacity_jul_2020,2152,480,900,2528,480,300,2436,381,1970,1398,764,2439,16228,477,16705,782,17487,16228,0,0
adp_aug_2020,1927,317,844,2120,318,173,2259,303,1896,1770,765,2303,14995,NA,14995,499,15494,14995,0,0
capacity_aug_2020,2152,480,900,2528,480,300,2436,381,1970,1398,764,2439,16228,477,16705,782,17487,16228,0,0
adp_sep_2020,1926,327,833,2153,326,171,2253,308,1888,1701,756,2175,14817,0,14817,522,15339,14817,0,0
capacity_sep_2020,2152,480,900,2528,480,300,2436,381,1970,1398,764,2439,16228,477,16705,782,17487,16228,0,0
adp_oct_2020,1924,329,830,2135,327,166,2236,314,1878,1659,743,2140,14681,0,14681,517,15918,14681,0,720
capacity_oct_22,2152,480,900,2528,480,300,2436,381,1970,1398,764,2439,16228,477,16705,782,17487,16228,0,0
adp_nov_2020,1926,333,817,2090,327,160,2227,312,1862,1728,735,2109,14626,0,14626,485,15111,14626,0,0
capacity_nov_2020,2172,480,900,2558,480,304,2488,400,1942,1742,927,2601,16994,1248,18242,782,19024,16994,0,0
adp_dec_2020,1895,325,807,2066,318,154,2194,291,1849,1821,735,2064,14519,0,14519,363,14882,14519,0,0
capacity_dec_2020,2172,480,900,2558,480,304,2488,400,1942,1742,927,2601,16994,1248,18242,782,19024,16994,0,0
adp_jan_2021,1840,315,792,2118,315,155,2186,292,1836,1780,710,2023,14362,0,14362,298,14660,14362,0,0
capacity_jan_2021,2172,480,900,2558,480,304,2488,400,1942,1742,927,2601,16994,1248,18242,782,19024,16994,0,0
adp_feb_2021,1826,304,821,2123,311,153,2156,281,1843,1687,701,2053,14259,0,14259,251,14510,14259,0,0
capacity_feb_2021,2172,480,900,2558,480,304,2488,400,1942,1742,927,2601,16994,1248,18242,782,19024,16994,0,0
adp_mar_2021,1804,322,821,2111,316,154,2124,266,1816,1534,677,2134,14079,0,14079,235,14314,14079,0,0
capacity_mar_2021,2172,480,900,2558,480,304,2488,400,1942,1742,927,2601,16994,1248,18242,782,19024,16994,0,0
adp_apr_2021,1810,326,809,2098,299,141,2096,269,1820,1341,656,2154,13819,0,13819,246,14065,13819,0,0
capacity_apr_2021,2172,480,900,2558,480,304,2488,400,1942,1742,927,2601,16994,1248,18242,782,19024,16994,0,0
adp_may_2021,1817,313,779,2022,290,129,2049,268,1824,1348,641,2124,13604,0,13604,261,13865,13604,0,0
capacity_may_2021,2172,480,900,2558,480,304,2488,400,1942,1742,927,2601,16994,1248,18242,782,19024,16994,0,0
adp_jun_2021,1830,294,722,1975,272,125,1997,256,1802,1401,615,2097,13386,0,13386,287,13673,13386,0,0
capacity_jun_2021,2172,480,900,2558,480,304,2488,400,1942,1742,927,2601,16994,1248,18242,782,19024,16994,0,0
adp_jul_2021,1826,302,664,1879,266,128,1956,259,1771,1483,589,2052,13175,0,13175,300,13475,13175,0,0
capacity_jul_2021,2172,480,900,2558,480,304,2488,400,1942,1742,927,2601,16994,1248,18242,782,19024,16994,0,0
adp_aug_2021,1818,305,648,1836,241,135,1922,235,1772,1613,574,1927,13026,0,13026,308,13334,13026,0,0
capacity_aug_2021,2172,480,900,2558,480,304,2488,400,1942,1742,927,2601,16994,1248,18242,782,19024,16994,0,0
adp_sep_2021,1798,297,654,1823,232,137,1896,222,1772,1601,556,1916,12904,0,12904,288,13315,12904,0,123
capacity_sep_21,2172,480,900,2558,480,304,2488,400,1942,1742,927,2601,16994,1248,18242,782,19024,16994,0,0
adp_oct_21,1825,317,568,1803,235,133,1764,231,1825,1589,550,1969,12809,0,12809,283,13218,12809,0,126
capacity_oct_21,2172,480,900,2558,480,304,2488,400,1942,1742,927,2601,16994,1248,18242,782,19024,16994,0,0
adp_nov_2021,1837,305,488,1790,235,134,1663,250,1873,1586,539,2001,12701,0,12701,289,13143,12701,0,153
capacity_nov_2021,2172,480,900,2558,240,192,1779,270,1942,1740,759,2158,15190,3027,18217,782,18999,15190,0,0
adp_dec_2021`,1853,329,445,1804,222,125,1619,229,1836,1542,547,1995,12546,0,12546,342,13085,12546,0,197
capacity_dec_2021,2172,480,900,2558,240,192,1779,270,1942,1740,759,2158,15190,3027,18217,782,18999,15190,0,0
adp_jan_2022,1858,327,406,1790,204,119,1594,212,1821,1548,543,1949,12371,0,12371,321,12930,12371,0,238
capacity_jan_2022,2172,480,616,2302,240,192,1779,270,1942,1740,759,2158,14650,3567,18217,782,18999,14650,0,0
adp_feb_2022,1847,313,413,1801,203,119,1577,207,1808,1565,546,1929,12328,0,12328,242,12882,12328,0,312
capacity_feb_2022,2172,480,616,2302,240,192,1779,270,1942,1740,759,2158,14650,3567,18217,782,18999,14650,0,0
adp_mar_2022,1851,310,403,1810,190,119,1593,198,1780,1602,544,1908,12308,0,12308,194,12909,12308,0,407
capacity_mar_2022,2172,480,616,2302,240,192,1779,270,1942,1740,759,2158,14650,3567,18217,782,18999,14650,0,0
adp_apr_2022,1858,309,396,1757,212,118,1543,176,1770,1590,542,1955,12226,0,12226,205,12872,12226,0,441
capacity_apr_2022,2172,480,616,2302,240,192,1779,270,1942,1740,759,2158,14650,3567,18217,782,18999,14650,0,0
adp_may_2022,1850,293,385,1814,231,114,1481,163,1768,1630,549,1928,12206,0,12206,198,12829,12206,0,425
capacity_may_2022,2172,480,616,2302,240,192,1779,270,1942,1740,759,2158,14650,3567,18217,782,18999,14650,0,0
adp_jun_2022,1854,277,389,1879,218,127,1499,164,1741,1632,530,1923,12233,0,12233,233,12888,12233,0,422
capacity_jun_2022,2172,480,616,2302,240,240,1779,270,1942,1740,759,2158,14698,3519,18217,782,18999,14698,0,0
